-1.3876
-0.9929
-3.5842
-1.3693
-12.0472
-8.6714
-5.4741
-2.4399
-27.6438
-3.2249
-0.4179
-3.6563
-28.8143
-4.0436
-3.2878
-0.2832
-2.1299
-3.2580
-2.3831
-1.4555
-10.1867
-1.6768
-15.2953
-9.1470
-2.6947
-0.7501
-12.6980
-1.6446
-18.6858
-4.8872
-25.8310
-2.0439
-25.4760
-7.2144
-12.7062
-2.9038
-2.5064
-16.2443
-2.0421
-2.0682
-2.5973
1.0414
-4.3496
-6.4536
-9.4530
-1.3605
-3.9829
-1.6965
-16.7531
-1.8173
-14.2524
-5.7344
-4.9522
-3.1693
-10.8098
-18.6254
-2.2880
-2.8738
-1.5153
-2.6138
-4.1593
-1.5842
-5.4588
-1.2943
-12.7881
-4.1244
-2.5581
-0.8291
-11.5631
-38.1674
-11.1112
-37.4369
-2.6639
-8.2609
-4.4494
-0.2367
-1.4417
-20.9699
-19.3826
-14.5300
-8.9583
-4.7001
-9.7454
-2.1000
-10.1221
-1.2751
-7.5457
-24.7642
0.1011
-0.1335
-10.1480
-11.0502
-3.5177
-2.3846
-1.0234
-4.9331
-11.9243
-2.8790
-7.2613
-7.3063
-2.8656
-9.3301
-1.8324
-14.7387
-15.1863
-2.0096
-13.5715
-5.9059
-7.4815
-7.0408
-39.9934
-1.4138
-10.2191
-1.2923
-2.8337
-9.4090
-4.5747
-0.4078
-2.0355
-16.6865
-1.1893
-7.2989
-2.8404
-1.0400
-7.6831
-1.9617
-12.7286
-25.1247
-4.6726
-13.5486
-1.7465
-3.5734
-2.9813
-13.4483
-17.0308
-6.1239
-3.4921
-9.7977
-2.4648
-6.5820
-3.3183
-15.5613
-1.1380
-10.2709
-0.0224
-3.2183
-13.8233
-8.8751
-40.8890
-32.1970
-9.7884
-27.3857
-9.1480
-3.3787
-8.8934
-0.2897
-3.0787
-5.5682
-2.2767
-0.5310
-1.1072
-0.4961
-22.5485
-6.5106
0.3560
-4.8443
-10.3541
-13.1748
-12.7906
-27.9497
-5.5242
-3.4521
-2.0583
-2.6529
1.5396
-1.4416
-11.0153
-9.5989
-4.8857
-3.4527
-1.1928
-2.5287
-5.1158
-2.3874
-1.8804
-2.8547
-1.8401
-1.7893
-3.6195
-5.4478
-2.6728
-3.8070
-5.7182
-3.1834
-2.3922
-2.8413
-3.6337
-0.8581
-1.8280
-4.8864
-0.8831
-5.2214
-1.4692
-27.5349
-2.2615
-5.5014
-3.5892
-8.3286
-2.9794
-15.6776
-2.2476
-4.7754
-2.1581
-4.6631
-8.3582
-11.2921
-14.3545
-3.7776
-15.2467
-1.2241
-7.5367
-5.5982
-14.1372
-13.7596
-2.3587
-2.2255
-4.6813
-0.6401
-1.7027
-3.6170
-0.4225
-9.2729
-6.9049
-3.2850
-7.1395
-1.6416
-2.9244
-5.4307
-7.7137
-23.7635
-10.6209
0.0641
-0.4101
-4.7711
0.1259
0.3375
-4.9186
-13.9482
-9.6029
-36.9504
-4.1207
-3.1285
-0.5629
-2.3995
-9.9025
-2.3387
-11.1168
-2.2071
-5.5805
-12.4179
-1.4687
-9.3895
-1.9651
-4.4258
-11.4584
-2.6571
-2.8254
-1.8915
-21.6374
-3.0434
-3.4997
-12.6616
-2.3990
-3.1643
-5.2086
-2.8863
-7.2464
-5.6017
-19.9786
-1.5610
-19.8924
-1.9511
-6.4773
-17.3381
-2.3676
-0.6355
-0.1615
1.8669
-8.2053
-12.0777
-6.2026
-11.0581
-1.4059
-4.7484
-0.3182
-4.2030
-2.2068
-1.3188
-2.6308
-34.4911
-0.9990
-10.3598
-2.2301
-2.1417
-30.3375
-3.2038
-25.8236
-5.1092
-0.4745
-4.7501
-10.1986
-13.8655
-8.4786
-10.4399
-11.4811
-2.5516
-3.7499
-14.3113
-1.7800
-3.6196
-7.9949
-6.0326
-3.0775
-9.3152
-9.9571
-9.2315
-3.2321
-10.2613
-14.3298
-11.8796
-0.8339
-5.6393
-2.6315
-22.8736
-4.9631
-2.1480
-4.6231
-11.4121
-6.8299
-23.0796
-2.5917
-2.8918
-4.2699
-8.8144
-14.2726
-8.1564
-1.5749
-2.2028
-2.1500
-2.4094
-0.9141
-1.3052
-3.3673
-1.1592
-1.0632
-4.1210
-5.6205
-8.1155
-2.7244
-9.7829
-11.3977
-6.1952
-10.5114
-0.4528
-19.7498
-2.4123
-11.8697
-2.8910
-5.1268
-11.1142
-6.3848
-5.8977
-13.0978
-11.9170
-11.9916
-13.2954
-3.1796
-0.2718
-0.6320
-1.8611
-2.5682
-1.4066
-3.2011
-3.4306
-1.5286
-3.6918
-1.6839
-5.7740
-12.3808
-3.4855
-4.5868
-3.5812
-1.4478
-2.6129
-4.8420
-6.2486
-10.5788
-24.2933
-7.0695
-3.6138
-18.9173
-5.6084
-2.5583
-2.5200
-3.9862
-12.8175
-6.3984
-19.0809
-5.0873
-5.3555
0.5948
-17.4068
-3.4036
-4.3248
-6.7713
-1.7913
-0.7627
-2.0942
-6.8357
-4.6047
-3.6005
-2.5698
-5.7495
-21.9913
-3.1910
-2.3964
-8.7847
0.7173
-4.2221
0.5010
-3.5072
-2.3225
-4.0488
-31.8268
-33.1415
-13.9109
-8.3197
-2.3567
-1.6762
-5.3967
-1.8094
-7.8612
-4.1541
-2.5094
-13.8813
-2.8057
-1.5989
-0.6338
-10.2699
-3.0110
-12.3543
-2.8477
-4.6561
-8.6879
-1.0101
-3.4840
-2.7466
-2.6082
-0.7986
-18.6685
-3.4544
-13.1269
-2.7344
-5.1544
-4.4951
-2.8224
-13.5071
-3.6818
-2.2107
-2.7052
-12.1814
-1.5499
-7.4346
-5.7628
-0.5605
-2.7683
-0.1981
-7.2294
-1.2048
-4.1671
-3.8530
-7.0182
-3.8178
-3.8269
-2.6049
-1.6773
-2.5536
-16.6278
-10.2872
-28.5552
-19.9443
-6.6200
-38.7891
-12.2601
-4.0169
-1.9118
-14.5914
-7.5253
-10.9189
-11.8982
-36.6643
-6.1697
-2.9568
-13.0052
-12.2952
-15.1941
-10.1218
-37.4641
-0.8438
-15.3038
-1.7870
-2.3523
-0.0499
-5.8787
-3.5806
-2.9618
-25.4068
-3.4002
-10.4969
-0.7441
-2.5266
-4.0711
-10.1887
-17.0216
-14.2248
-2.2855
-15.2053
-10.0430
-5.0531
-13.9231
-9.1633
-11.6562
-21.2032
-17.4369
-4.9068
-2.1652
-11.7216
-4.8681
-6.3073
-2.3698
-2.5728
-1.4825
-5.5625
-6.7211
-0.8824
-35.3038
-5.1368
-2.2733
-2.2366
-2.6835
-6.8675
-2.9624
-2.6220
-5.8886
-3.2714
-4.7186
-3.4492
-6.8689
-4.7940
-2.2080
-0.9905
-1.3774
-2.3072
-20.3102
-9.8823
-2.2080
-10.5255
-8.3363
-6.7539
-5.2384
-2.7828
-3.5409
-11.3422
-0.5857
-2.1060
-1.4537
-5.1083
-4.7392
-2.5570
-4.0762
-24.4177
-4.8912
-5.4723
-2.6153
-1.9033
-0.6710
-27.0092
-9.3004
-0.1834
-2.1743
-3.0824
-1.8339
-1.7084
-27.5836
-2.1333
-11.0798
-2.7521
-1.7931
-2.8909
-3.1889
-3.8438
-3.2355
-15.2878
-26.8998
-15.8700
-2.4702
-0.7325
-5.2094
-3.1840
-3.5192
-2.8465
-2.3601
-6.2125
-14.0260
-6.7879
-13.3977
-3.3633
-12.2795
-1.5758
-13.9029
-4.5583
-10.8301
-1.4680
-4.2611
-10.5888
-4.4065
-1.4546
-0.8445
-4.7058
-0.6442
-5.3951
-7.1205
-7.3725
-6.4047
1.9389
-10.1917
-2.4530
-1.9573
-11.0497
-40.4758
-5.2021
-4.1889
-16.3224
-10.7652
-1.1341
-1.8158
-4.5190
-6.4023
-4.9944
-2.4355
-13.2191
-14.2967
-5.2297
-11.5897
-2.2178
-13.0252
-1.9030
-7.2686
-0.3564
-0.6909
-11.1842
-10.1446
-1.5583
-2.6332
-1.4544
-11.1200
-14.4633
-12.8794
-3.5402
-2.0709
-36.8114
-2.3903
-0.4595
-1.7163
-13.7768
-3.6752
-8.1308
-19.1639
-14.5623
-2.0592
-3.1636
-10.4484
-3.3261
-30.5326
-11.7907
-6.2413
-3.5999
-3.6239
-4.3570
-15.2033
-1.9024
-25.3445
-5.6947
-2.5697
0.1031
-3.6201
-3.9518
-11.7536
-5.4941
-0.2194
-4.2648
-2.9791
-3.1990
-27.4011
-4.1173
-8.6244
-11.6362
-14.0499
-1.3154
-12.6200
-3.4983
-17.9998
-10.0823
-1.3735
-5.0409
-1.6430
-3.1059
-5.5169
0.4617
-1.7410
-11.1439
-4.8253
-3.9973
-2.1335
-2.0578
-3.0730
-30.4599
-4.2329
-12.9428
-7.0221
-6.6060
-2.8604
-5.7882
-13.3435
-4.0938
-5.4563
-11.5657
-0.8958
-5.7332
-1.7531
-6.5067
-1.4648
-4.3954
-4.3663
-1.9951
-16.4037
-3.9368
-18.8760
-8.9290
-2.9177
-3.0234
-2.7692
-15.2639
-3.0913
-3.9016
-5.9969
-15.9679
0.9502
-28.3224
-31.2766
-39.0435
-3.9977
-25.1861
-5.4410
-11.6992
-1.7588
-4.6072
-0.8217
-11.0965
-19.0130
-2.8617
-12.6527
-4.0439
-2.1104
-10.4807
-1.2847
-22.0996
-2.8549
-3.0663
-3.3162
-10.0688
-1.0154
-10.6451
-4.6522
-3.8558
-5.2645
-3.6713
-3.4720
-0.4786
-3.3570
-4.6304
-3.5636
-1.9719
-2.2211
-1.5332
-1.4397
-3.5892
-18.5695
-2.6724
-1.8826
-3.4029
-25.4186
-8.0070
-15.1310
-5.4839
-17.2679
-13.6840
-2.6158
-11.9789
-13.0428
-5.3530
-3.1595
-1.1388
-26.1312
-10.3575
-6.8717
0.3644
-4.4210
-12.3533
-11.4557
-3.9113
-5.7896
-9.9071
-9.6969
-4.0022
-6.6708
-2.5217
-2.0200
-3.3253
-2.5327
-13.0132
-1.7624
-0.6743
-2.7907
-3.0148
-4.2183
-2.2384
0.4801
-5.2705
-3.1077
-3.0706
-14.0540
-2.0230
-9.8873
-2.3993
-3.3207
-4.1892
-0.3911
-1.0929
-0.8310
-5.0695
-1.5551
-3.1924
-1.0433
-2.4540
-3.6086
-0.0242
-12.3833
-26.8302
-1.3704
-2.6176
-4.4064
-1.6968
-11.6855
-13.9115
-0.6772
-10.6545
-3.0775
-1.6234
-4.3346
-1.7366
-2.3935
-2.0382
-2.4374
-26.1368
-9.2480
-7.6570
-4.1783
-5.0507
-1.8570
-1.4202
-12.9506
-2.0867
-19.6893
-3.5992
-11.3938
-2.0027
-2.9633
-0.4475
-4.5560
-4.9390
-3.1831
-10.5184
-1.4271
-3.5852
-2.6407
-10.4351
-5.7221
-4.0232
-0.6178
-2.6157
-2.5931
-2.2828
-4.0260
-26.8128
-12.2045
-3.7373
-3.4404
-2.0026
-16.0866
-1.5567
-5.2391
0.1900
-3.2208
-16.3387
-26.5738
-2.5309
-5.2021
-3.3993
-2.0864
-0.9027
-0.4078
-5.4620
-4.8073
-2.3498
-25.3461
-0.8347
-4.3232
-13.2840
-3.1816
-2.0912
-5.6349
-4.6022
-0.9987
-3.4464
-2.5408
-1.1470
-10.2607
-1.5424
-0.2177
-1.3459
-1.3475
-10.2822
-1.4035
-1.5149
0.2504
-6.6124
-1.8765
-0.6315
-10.5287
-4.2336
-5.6179
-4.9956
-14.8685
-13.1812
-0.3856
-12.3350
-0.8886
-6.0634
-1.6987
-4.5522
-7.2382
-1.9483
-3.5410
-29.2868
-4.2318
-4.9337
-9.6972
-3.0121
-1.7675
-1.4865
-5.0629
-3.8432
0.7367
-9.3326
-4.7423
-1.9749
-14.6242
-5.1561
-1.6755
-4.2053
-4.4950
-1.1343
-31.7484
-2.8210
-2.9425
-3.0507
-4.7208
-1.1486
-1.4604
-7.7182
-1.7645
-14.3564
-5.0966
-2.8179
-2.2852
-3.9072
-19.6629
-10.8649
-13.4661
